0,424
12,1
12,3
0,230
0,229
0,228
0,227
0,226
0,225
0,224
0,223
0,222
0,221
14,1
14,3
0,421
23,1
23,4
0,233
0,232
0,231
0,220
0,219
0,218
0,216
0,420
77,4
0,419
22,1
22,3
13,1
13,3
8,3
8,1
8,4
69,4
71,5
72,5
77,1
77,3
0,418
0,415
0,414
0,413
0,412
0,411
69,37
69,36
69,35
69,34
69,33
69,32
69,31
69,30
69,29
69,28
69,27
69,26
69,25
69,24
69,23
69,22
69,21
69,20
0,410
0,437
0,409
0,407
69,19
69,18
69,17
69,16
69,15
69,14
69,13
69,12
69,11
69,10
69,9
69,8
69,7
69,6
0,406
69,1
69,3
0,405
0,404
0,403
0,402
78,4
78,1
78,3
0,215
0,214
0,213
0,212
0,211
0,210
0,209
0,208
0,207
0,206
0,205
0,204
0,203
0,202
0,201
0,200
0,199
0,198
0,197
0,196
0,195
0,194
0,193
0,192
0,63
0,62
0,61
0,60
0,59
0,58
0,57
0,56
0,55
0,54
0,53
0,52
0,51
0,50
0,49
0,48
0,401
0,431
72,4
72,1
72,3
11,1
11,3
0,399
71,1
71,3
0,398
0,400
0,397
0,396
0,395
0,394
74,2
0,393
0,392
0,0
0,408
0,436
0,391
74,5
0,390
0,389
0,435
74,4
74,1
74,3
0,387
0,372
0,388
0,354
0,371
0,370
0,385
0,384
0,383
0,353
9,1
9,3
0,382
0,380
0,369
21,1
21,3
6,4
0,379
0,217
0,47
0,46
0,45
0,6
5,3
15,3
16,3
0,355
2,1
2,6
2,3
0,377
1,1
1,3
77,2
0,376
77,5
0,360
0,374
19,1
19,3
73,1
73,3
0,300
0,299
0,298
0,297
0,296
0,295
0,294
0,293
0,292
0,291
0,290
0,289
0,288
0,287
0,286
0,285
0,284
0,283
0,282
0,281
0,280
0,279
0,278
0,277
0,276
0,275
0,274
0,273
0,272
0,271
0,270
0,269
0,268
0,267
0,266
0,265
0,264
0,263
0,262
0,261
0,260
0,259
0,258
0,257
0,256
